layer 0 connected to 1
0 0.6038420121536634 -> 1
0 1.6811522149924705 -> 2
0 -0.08196281578541705 -> 3
0 2.1541759645437866 -> 4
0 0.35355444547847953 -> 5
0 0.1629084623277445 -> 6
1 -0.7580708493937102 -> 1
1 -2.582112360549144 -> 2
1 -1.0787777604157052 -> 3
1 -0.6169914976626975 -> 4
1 -0.782212407529966 -> 5
1 -0.8688317739707401 -> 6
2 -1.9086891966259218 -> 1
2 0.8432845287517393 -> 2
2 -0.635072620964472 -> 3
2 -3.4105599830269577 -> 4
2 -1.5837908224395656 -> 5
2 -1.3107962784299394 -> 6
layer 1 connected to 2
0 0.15038342476053126 -> 1
0 2.6837499483837743 -> 2
0 0.4991046274708544 -> 3
0 -1.3953892609144853 -> 4
0 1.00835472519033 -> 5
0 -1.0230423647811748 -> 6
1 -0.22365115229048446 -> 1
1 -0.5363594209733 -> 2
1 -0.2967651222671031 -> 3
1 1.1319521947226348 -> 4
1 -0.5360493398780066 -> 5
1 0.5393047349097285 -> 6
2 1.6713873618115611 -> 1
2 0.6876338003292098 -> 2
2 0.02116115815521295 -> 3
2 0.7964686604151167 -> 4
2 0.7759249297860229 -> 5
2 2.075740835911832 -> 6
3 0.03499979312153802 -> 1
3 0.008529418155095857 -> 2
3 -0.4012405655063166 -> 3
3 0.5127730394479796 -> 4
3 -0.031990008748308915 -> 5
3 0.6213872006138275 -> 6
4 -0.767040284401619 -> 1
4 -1.0173364347013993 -> 2
4 -0.25926220427221314 -> 3
4 2.6495448844698326 -> 4
4 -0.5932875486256192 -> 5
4 0.3044866885265527 -> 6
5 -0.022541500892150967 -> 1
5 -0.6272477200305129 -> 2
5 -0.07153462428935972 -> 3
5 1.1819454103658602 -> 4
5 -0.04799158001401148 -> 5
5 0.1658620001746846 -> 6
6 -0.005180249397337114 -> 1
6 -0.4200777029370978 -> 2
6 -0.21964824690357065 -> 3
6 0.7541078965272024 -> 4
6 -0.2867836989143135 -> 5
6 0.3649331813525197 -> 6
layer 2 connected to 3
0 0.8703441884699987 -> 1
0 0.27513245055646246 -> 2
0 0.546003358220549 -> 3
0 0.8739614786422675 -> 4
0 0.8626715907032134 -> 5
0 0.7893177028801612 -> 6
1 1.5906656566759023 -> 1
1 0.1826507783913151 -> 2
1 0.1844184114681193 -> 3
1 -0.09520878700531395 -> 4
1 -0.05439381172259845 -> 5
1 -0.04219078942944147 -> 6
2 1.6550660166695246 -> 1
2 1.0523782005841906 -> 2
2 0.6070907231309551 -> 3
2 1.3702331899184683 -> 4
2 1.325876650685546 -> 5
2 1.4991235025951402 -> 6
3 0.21214538454943663 -> 1
3 0.5338017215307881 -> 2
3 0.47101445486882726 -> 3
3 0.6609032542205718 -> 4
3 0.4761949162624222 -> 5
3 0.6090715011539051 -> 6
4 -2.0695961456734895 -> 1
4 -0.8675413769376271 -> 2
4 -0.6133180446525824 -> 3
4 -1.4016082209734038 -> 4
4 -0.8792081291689802 -> 5
4 -1.1999547366617005 -> 6
5 1.2366603430102572 -> 1
5 0.1391017655183427 -> 2
5 0.24514071755612754 -> 3
5 0.555090577981956 -> 4
5 0.4187180723081409 -> 5
5 0.923897286091211 -> 6
6 0.6049610319164644 -> 1
6 -0.6326227526562098 -> 2
6 -0.6695537956119989 -> 3
6 -0.6762816992054752 -> 4
6 -0.9403671327140624 -> 5
6 -1.0978763301298158 -> 6
layer 3 connected to 4
0 6.283536931487421 -> 1
0 -6.1859410688355565 -> 2
0 -6.219352874311182 -> 3
1 -1.6790277475483035 -> 1
1 -0.6032849930951153 -> 2
1 1.8015286526048686 -> 3
2 -0.8523158544155095 -> 1
2 0.8280851924976141 -> 2
2 -1.5088175261504977 -> 3
3 -0.7698966096480397 -> 1
3 0.7995744086539712 -> 2
3 -1.1362984302510386 -> 3
4 -1.3664346505912743 -> 1
4 1.5229891610721242 -> 2
4 -1.021127094474026 -> 3
5 -0.6765315125632708 -> 1
5 1.3533134674152412 -> 2
5 -0.9639534977933494 -> 3
6 -1.2972088381061946 -> 1
6 1.6346990131257508 -> 2
6 -1.3835486196622448 -> 3
